10772350 0
11325429 1
53372308 2
21014942 3
6830515 4
1827281 5
26334944 6
7370562 7
60209193 8
3402732 9
60593966 10
2118843 11
60411901 12
559305 13
2105018 14
2618295 15
9057549 16
907874 17
10439920 18
9196294 19
11132183 20
11537515 21
11963403 22
11088164 23
1459474 24
14511650 25
14240521 26
15879259 27
13625251 28
12319843 29
10930626 30
5465383 31
973778 32
1064845 33
19974664 34
20270864 35
13774844 36
20853872 37
1239477 38
14833451 39
21482040 40
4811617 41
9128611 42
22505590 43
165390 44
13561452 45
901369 46
8837954 47
8768899 48
2396037 49
6937839 50
990772 51
862496 52
26511362 53
1101567 54
4585349 55
24538180 56
19682421 57
29054097 58
12116946 59
239414 60
3135680 61
211430 62
21549439 63
22579001 64
22709409 65
511676 66
7412739 67
26188644 68
30038492 69
24573437 70
31711387 71
32324913 72
37123 73
33998077 74
151604 75
16598952 76
36076964 77
26977104 78
4845933 79
691626 80
1277702 81
16592741 82
229719 83
88369 84
14091987 85
39260154 86
30046841 87
26615845 88
675275 89
27475941 90
9330907 91
5091728 92
40512089 93
40603620 94
203510 95
40913941 96
47172 97
21766531 98
231353 99
41894950 100
34534118 101
24499728 102
24747438 103
26789 104
3753857 105
42306483 106
26317569 107
27087481 108
1573182 109
27922567 110
27135557 111
232495 112
13149599 113
569092 114
1947070 115
14594 116
45413769 117
